tau: 1.694915254237288
t_lower: 0.23491525423728812
t_upper: 0.27847457627118644
export_budget: 0.3
max_fp_accept_rate: 0.05
max_fn_reject_rate: 0.05
