tau: 0.5661016949152542
t_lower: 0.7879591836734694
t_upper: 0.8181632653061224
export_budget: 0.6
max_fp_accept_rate: 0.05
max_fn_reject_rate: 0.05
