tau: 0.9957177012600404
t_lower: 0.0721672686678491
t_upper: 1.0
