tau: 0.609483051351548
t_lower: 0.7792245061204353
t_upper: 0.8008901176300922
lambda_fp: 10.0
lambda_fn: 10.0
lambda_unc: 1.0
max_fp_accept_rate: 0.05
max_fn_reject_rate: 0.05
