tau: 0.9957177012600404
t_lower: 0.14142857142857143
t_upper: 0.2524489795918367
