tau: 0.609483051351548
t_lower: 0.7792245061204353
t_upper: 0.8008901176300922
