tau: 0.609483051351548
t_lower: 0.8081632653061224
t_upper: 0.8181632653061224
