tau: 0.609483051351548
t_lower: 0.0
t_upper: 0.7777551020408163
