tau: 0.8783919597989949
t_lower: 0.09183673469387754
t_upper: 0.1769387755102041
