tau: 0.6271186440677967
t_lower: 0.04040816326530612
t_upper: 0.07061224489795918
export_budget: 0.3
max_fp_accept_rate: 0.05
max_fn_reject_rate: 0.05
