tau: 0.9957177012600404
t_lower: 0.1010204081632653
t_upper: 0.2120408163265306
lambda_fp: 10.0
lambda_fn: 10.0
lambda_unc: 1.0
max_fp_accept_rate: 0.05
max_fn_reject_rate: 0.05
