tau: 0.9957177012600404
t_lower: 0.16291139240506328
t_upper: 0.21050632911392406
