tau: 0.6271186440677967
t_lower: 0.0335593220338983
t_upper: 0.12745762711864406
