tau: 0.7186440677966102
t_lower: 0.7383050847457626
t_upper: 0.7650847457627118
export_budget: 0.6
max_fp_accept_rate: 0.05
max_fn_reject_rate: 0.05
